2404303 1951444 2352897 3399195 2934817 2927651 3253114 2379065 2364207 1878478 
3119945 2820078 2620560 3412330 3171075 2982287 3514595 2187634 3222941 2343282 
2471334 2363055 1937163 2371024 2125223 2173169 2512662 1407806 2712033 1843110 
2578263 2332212 2349489 2798246 2961024 2477176 3331968 1945576 3259026 1979290 
2606266 2167607 1614965 2405581 2806278 2431126 3449627 2040367 3026587 2002600 
3437960 2112103 2257190 3577845 2584641 3158249 3374662 2944252 2836754 1723276 
2277379 1830270 1538696 1647167 1535171 1983957 2589570 1554757 2615184 1475429 
2659274 1938483 1633531 3448299 2511670 2335308 3276508 2628949 2464754 2111117 
2433986 2430439 2507219 3230261 2623069 3147742 3579115 2232373 2765271 2351588 
3316507 2123911 2000823 2988002 2548859 2758087 3208722 2567993 2402205 1818606 
